1000 0.0 1002 1.0 2
1002 1.0 1004 2.0 2
1004 2.0 1006 3.0 2
1006 3.0 1008 4.0 2
1008 4.0 1010 5.0 2
1010 5.0 1012 6.0 2
1012 6.0 1014 7.0 2
1014 7.0 1016 8.0 2
1016 8.0 1019 9.0 3
1019 9.0 1021 10.0 2
1021 10.0 1024 11.0 3
1024 11.0 1027 12.0 3
1027 12.0 1031 13.0 4
1031 13.0 1035 14.0 4
1035 14.0 1039 15.0 4
1039 15.0 1043 16.0 4
1043 16.0 1047 17.0 4
1047 17.0 1051 18.0 4
1051 18.0 1054 19.0 3
1054 19.0 1056 20.0 2
1056 20.0 1059 21.0 3
1059 21.0 1062 22.0 3
1062 22.0 1065 23.0 3
1065 23.0 1068 24.0 3
1068 24.0 1071 25.0 3
1071 25.0 1074 26.0 3
1074 26.0 1077 27.0 3
1077 27.0 1080 28.0 3
1080 28.0 1082 29.0 2
1082 29.0 1085 30.0 3
1085 30.0 1086 29.0 1
1086 29.0 1088 28.0 2
1088 28.0 1091 27.0 3
1091 27.0 1093 26.0 2
1093 26.0 1096 25.0 3
1096 25.0 1099 24.0 3
1099 24.0 1102 23.0 3
1102 23.0 1105 22.0 3
1105 22.0 1108 21.0 3
1108 21.0 1111 20.0 3
1111 20.0 1115 19.0 4
1115 19.0 1118 18.0 3
1118 18.0 1121 17.0 3
1121 17.0 1125 16.0 4
1125 16.0 1129 15.0 4
1129 15.0 1133 14.0 4
1133 14.0 1136 13.0 3
1136 13.0 1140 12.0 4
1140 12.0 1144 11.0 4
1144 11.0 1149 10.0 5
1149 10.0 1150 11.0 1
1150 11.0 1154 12.0 4
1154 12.0 1157 13.0 3
1157 13.0 1161 14.0 4
1161 14.0 1165 15.0 4
1165 15.0 1169 16.0 4
1169 16.0 1173 17.0 4
1173 17.0 1177 18.0 4
1177 18.0 1181 19.0 4
1181 19.0 1185 20.0 4
1185 20.0 1188 21.0 3
1188 21.0 1191 22.0 3
1191 22.0 1194 23.0 3
1194 23.0 1198 24.0 4
1198 24.0 1201 25.0 3
1201 25.0 1204 26.0 3
1204 26.0 1207 27.0 3
1207 27.0 1210 28.0 3
1210 28.0 1213 29.0 3
1213 29.0 1217 30.0 4
1217 30.0 1218 29.0 1
1218 29.0 1220 28.0 2
1220 28.0 1222 27.0 2
1222 27.0 1224 26.0 2
1224 26.0 1227 25.0 3
1227 25.0 1229 24.0 2
1229 24.0 1232 23.0 3
1232 23.0 1235 22.0 3
1235 22.0 1238 21.0 3
1238 21.0 1241 20.0 3
1241 20.0 1245 19.0 4
1245 19.0 1250 18.0 5
1250 18.0 1255 17.0 5
1255 17.0 1261 16.0 6
1261 16.0 1268 15.0 7
1268 15.0 1273 14.0 5
1273 14.0 1280 13.0 7
1280 13.0 1288 12.0 8
1288 12.0 1298 11.0 10
1298 11.0 1323 10.0 25
1323 10.0 1324 11.0 1
1324 11.0 1326 12.0 2
1326 12.0 1328 13.0 2
1328 13.0 1330 14.0 2
1330 14.0 1332 15.0 2
1332 15.0 1335 16.0 3
1335 16.0 1337 17.0 2
1337 17.0 1340 18.0 3
1340 18.0 1342 19.0 2
1342 19.0 1345 20.0 3
1345 20.0 1348 21.0 3
1348 21.0 1351 22.0 3
1351 22.0 1353 23.0 2
1353 23.0 1356 24.0 3
1356 24.0 1359 25.0 3
1359 25.0 1361 26.0 2
1361 26.0 1364 27.0 3
1364 27.0 1367 28.0 3
1367 28.0 1371 29.0 4
1371 29.0 1375 30.0 4
1375 30.0 1376 29.0 1
1376 29.0 1377 28.0 1
1377 28.0 1379 27.0 2
1379 27.0 1381 26.0 2
1381 26.0 1383 25.0 2
1383 25.0 1385 24.0 2
1385 24.0 1387 23.0 2
1387 23.0 1389 22.0 2
1389 22.0 1391 21.0 2
1391 21.0 1394 20.0 3
1394 20.0 1396 19.0 2
1396 19.0 1399 18.0 3
1399 18.0 1401 17.0 2
1401 17.0 1404 16.0 3
1404 16.0 1408 15.0 4
1408 15.0 1412 14.0 4
1412 14.0 1415 13.0 3
1415 13.0 1419 12.0 4
1419 12.0 1423 11.0 4
1423 11.0 1428 10.0 5
1428 10.0 1429 11.0 1
1429 11.0 1433 12.0 4
1433 12.0 1436 13.0 3
1436 13.0 1439 14.0 3
1439 14.0 1442 15.0 3
1442 15.0 1445 16.0 3
1445 16.0 1448 17.0 3
1448 17.0 1452 18.0 4
1452 18.0 1457 19.0 5
1457 19.0 1461 20.0 4
1461 20.0 1466 21.0 5
1466 21.0 1470 22.0 4
1470 22.0 1475 23.0 5
1475 23.0 1480 24.0 5
1480 24.0 1486 25.0 6
1486 25.0 1491 26.0 5
1491 26.0 1497 27.0 6
1497 27.0 1503 28.0 6
1503 28.0 1509 29.0 6
1509 29.0 1515 30.0 6
1515 30.0 1516 29.0 1
1516 29.0 1517 28.0 1
1517 28.0 1519 27.0 2
1519 27.0 1521 26.0 2
1521 26.0 1523 25.0 2
1523 25.0 1525 24.0 2
1525 24.0 1527 23.0 2
1527 23.0 1529 22.0 2
1529 22.0 1531 21.0 2
1531 21.0 1534 20.0 3
1534 20.0 1536 19.0 2
1536 19.0 1539 18.0 3
1539 18.0 1541 17.0 2
1541 17.0 1544 16.0 3
1544 16.0 1547 15.0 3
1547 15.0 1551 14.0 4
1551 14.0 1554 13.0 3
1554 13.0 1558 12.0 4
1558 12.0 1562 11.0 4
1562 11.0 1567 10.0 5
1567 10.0 1568 11.0 1
1568 11.0 1572 12.0 4
1572 12.0 1575 13.0 3
1575 13.0 1579 14.0 4
1579 14.0 1582 15.0 3
1582 15.0 1586 16.0 4
1586 16.0 1588 17.0 2
1588 17.0 1591 18.0 3
1591 18.0 1594 19.0 3
1594 19.0 1598 20.0 4
1598 20.0 1602 21.0 4
1602 21.0 1606 22.0 4
1606 22.0 1611 23.0 5
1611 23.0 1616 24.0 5
1616 24.0 1621 25.0 5
1621 25.0 1627 26.0 6
1627 26.0 1633 27.0 6
1633 27.0 1638 28.0 5
1638 28.0 1642 29.0 4
1642 29.0 1649 30.0 7
1649 30.0 1650 29.0 1
1650 29.0 1651 28.0 1
1651 28.0 1653 27.0 2
1653 27.0 1655 26.0 2
1655 26.0 1657 25.0 2
1657 25.0 1659 24.0 2
1659 24.0 1661 23.0 2
1661 23.0 1663 22.0 2
1663 22.0 1665 21.0 2
1665 21.0 1668 20.0 3
1668 20.0 1670 19.0 2
1670 19.0 1673 18.0 3
1000 0.0 1001 1.0 1
1001 1.0 1003 2.0 2
1003 2.0 1005 3.0 2
1005 3.0 1007 4.0 2
1007 4.0 1009 5.0 2
1009 5.0 1011 6.0 2
1011 6.0 1013 7.0 2
1013 7.0 1015 8.0 2
1015 8.0 1017 9.0 2
1017 9.0 1020 10.0 3
1020 10.0 1022 11.0 2
1022 11.0 1024 12.0 2
1024 12.0 1027 13.0 3
1027 13.0 1029 14.0 2
1029 14.0 1032 15.0 3
1032 15.0 1034 16.0 2
1034 16.0 1036 17.0 2
1036 17.0 1039 18.0 3
1039 18.0 1041 19.0 2
1041 19.0 1044 20.0 3
1044 20.0 1046 21.0 2
1046 21.0 1049 22.0 3
1049 22.0 1052 23.0 3
1052 23.0 1055 24.0 3
1055 24.0 1058 25.0 3
1058 25.0 1061 26.0 3
1061 26.0 1064 27.0 3
1064 27.0 1068 28.0 4
1068 28.0 1072 29.0 4
1072 29.0 1075 30.0 3
1075 30.0 1076 29.0 1
1076 29.0 1078 28.0 2
1078 28.0 1081 27.0 3
1081 27.0 1083 26.0 2
1083 26.0 1086 25.0 3
1086 25.0 1090 24.0 4
1090 24.0 1093 23.0 3
1093 23.0 1096 22.0 3
1096 22.0 1100 21.0 4
1100 21.0 1104 20.0 4
1104 20.0 1108 19.0 4
1108 19.0 1112 18.0 4
1112 18.0 1116 17.0 4
1116 17.0 1120 16.0 4
1120 16.0 1123 15.0 3
1123 15.0 1126 14.0 3
1126 14.0 1130 13.0 4
1130 13.0 1134 12.0 4
1134 12.0 1138 11.0 4
1138 11.0 1142 10.0 4
1142 10.0 1143 11.0 1
1143 11.0 1146 12.0 3
1146 12.0 1149 13.0 3
1149 13.0 1152 14.0 3
1152 14.0 1156 15.0 4
1156 15.0 1160 16.0 4
1160 16.0 1164 17.0 4
1164 17.0 1169 18.0 5
1169 18.0 1172 19.0 3
1172 19.0 1175 20.0 3
1175 20.0 1177 21.0 2
1177 21.0 1180 22.0 3
1180 22.0 1183 23.0 3
1183 23.0 1186 24.0 3
1186 24.0 1189 25.0 3
1189 25.0 1191 26.0 2
1191 26.0 1194 27.0 3
1194 27.0 1197 28.0 3
1197 28.0 1200 29.0 3
1200 29.0 1203 30.0 3
1203 30.0 1204 29.0 1
1204 29.0 1207 28.0 3
1207 28.0 1209 27.0 2
1209 27.0 1212 26.0 3
1212 26.0 1214 25.0 2
1214 25.0 1217 24.0 3
1217 24.0 1220 23.0 3
1220 23.0 1222 22.0 2
1222 22.0 1225 21.0 3
1225 21.0 1228 20.0 3
1228 20.0 1232 19.0 4
1232 19.0 1235 18.0 3
1235 18.0 1238 17.0 3
1238 17.0 1241 16.0 3
1241 16.0 1245 15.0 4
1245 15.0 1250 14.0 5
1250 14.0 1255 13.0 5
1255 13.0 1260 12.0 5
1260 12.0 1273 11.0 13
1273 11.0 1288 10.0 15
1288 10.0 1289 11.0 1
1289 11.0 1291 12.0 2
1291 12.0 1294 13.0 3
1294 13.0 1296 14.0 2
1296 14.0 1300 15.0 4
1300 15.0 1303 16.0 3
1303 16.0 1306 17.0 3
1306 17.0 1308 18.0 2
1308 18.0 1311 19.0 3
1311 19.0 1314 20.0 3
1314 20.0 1316 21.0 2
1316 21.0 1319 22.0 3
1319 22.0 1322 23.0 3
1322 23.0 1325 24.0 3
1325 24.0 1328 25.0 3
1328 25.0 1332 26.0 4
1332 26.0 1336 27.0 4
1336 27.0 1340 28.0 4
1340 28.0 1343 29.0 3
1343 29.0 1348 30.0 5
1348 30.0 1349 29.0 1
1349 29.0 1350 28.0 1
1350 28.0 1353 27.0 3
1353 27.0 1355 26.0 2
1355 26.0 1358 25.0 3
1358 25.0 1360 24.0 2
1360 24.0 1363 23.0 3
1363 23.0 1366 22.0 3
1366 22.0 1369 21.0 3
1369 21.0 1372 20.0 3
1372 20.0 1375 19.0 3
1375 19.0 1378 18.0 3
1378 18.0 1382 17.0 4
1382 17.0 1387 16.0 5
1387 16.0 1391 15.0 4
1391 15.0 1394 14.0 3
1394 14.0 1397 13.0 3
1397 13.0 1401 12.0 4
1401 12.0 1405 11.0 4
1405 11.0 1410 10.0 5
1410 10.0 1411 11.0 1
1411 11.0 1414 12.0 3
1414 12.0 1417 13.0 3
1417 13.0 1419 14.0 2
1419 14.0 1422 15.0 3
1422 15.0 1425 16.0 3
1425 16.0 1428 17.0 3
1428 17.0 1430 18.0 2
1430 18.0 1434 19.0 4
1434 19.0 1437 20.0 3
1437 20.0 1440 21.0 3
1440 21.0 1443 22.0 3
1443 22.0 1446 23.0 3
1446 23.0 1448 24.0 2
1448 24.0 1451 25.0 3
1451 25.0 1454 26.0 3
1454 26.0 1456 27.0 2
1456 27.0 1459 28.0 3
1459 28.0 1462 29.0 3
1462 29.0 1465 30.0 3
1465 30.0 1466 29.0 1
1466 29.0 1468 28.0 2
1468 28.0 1471 27.0 3
1471 27.0 1474 26.0 3
1474 26.0 1476 25.0 2
1476 25.0 1479 24.0 3
1479 24.0 1482 23.0 3
1482 23.0 1485 22.0 3
1485 22.0 1488 21.0 3
1488 21.0 1492 20.0 4
1492 20.0 1496 19.0 4
1496 19.0 1500 18.0 4
1500 18.0 1504 17.0 4
1504 17.0 1507 16.0 3
1507 16.0 1510 15.0 3
1510 15.0 1513 14.0 3
1513 14.0 1517 13.0 4
1517 13.0 1523 12.0 6
1523 12.0 1532 11.0 9
1532 11.0 1543 10.0 11
1543 10.0 1544 11.0 1
1544 11.0 1546 12.0 2
1546 12.0 1548 13.0 2
1548 13.0 1550 14.0 2
1550 14.0 1553 15.0 3
1553 15.0 1555 16.0 2
1555 16.0 1557 17.0 2
1557 17.0 1560 18.0 3
1560 18.0 1562 19.0 2
1562 19.0 1565 20.0 3
1565 20.0 1567 21.0 2
1567 21.0 1570 22.0 3
1570 22.0 1572 23.0 2
1572 23.0 1575 24.0 3
1575 24.0 1578 25.0 3
1578 25.0 1581 26.0 3
1581 26.0 1585 27.0 4
1585 27.0 1589 28.0 4
1589 28.0 1592 29.0 3
1592 29.0 1595 30.0 3
1595 30.0 1596 29.0 1
1596 29.0 1598 28.0 2
1598 28.0 1600 27.0 2
1600 27.0 1603 26.0 3
1603 26.0 1606 25.0 3
1606 25.0 1609 24.0 3
1609 24.0 1613 23.0 4
1613 23.0 1616 22.0 3
1616 22.0 1620 21.0 4
1620 21.0 1624 20.0 4
1624 20.0 1629 19.0 5
1629 19.0 1633 18.0 4
1633 18.0 1639 17.0 6
1639 17.0 1645 16.0 6
1645 16.0 1650 15.0 5
1650 15.0 1656 14.0 6
1656 14.0 1661 13.0 5
1661 13.0 1671 12.0 10
1671 12.0 1687 11.0 16
1687 11.0 1705 10.0 18
1705 10.0 1706 11.0 1
1706 11.0 1708 12.0 2
1708 12.0 1710 13.0 2
1710 13.0 1713 14.0 3
1713 14.0 1715 15.0 2
1715 15.0 1717 16.0 2
1717 16.0 1720 17.0 3
1720 17.0 1722 18.0 2
1722 18.0 1724 19.0 2
1724 19.0 1727 20.0 3
1727 20.0 1729 21.0 2
1729 21.0 1732 22.0 3
1732 22.0 1735 23.0 3
1735 23.0 1739 24.0 4
1739 24.0 1744 25.0 5
1744 25.0 1748 26.0 4
1748 26.0 1752 27.0 4
1752 27.0 1755 28.0 3
1755 28.0 1761 29.0 6
1761 29.0 1764 30.0 3
1764 30.0 1765 29.0 1
1765 29.0 1767 28.0 2
1767 28.0 1769 27.0 2
1769 27.0 1771 26.0 2
1771 26.0 1773 25.0 2
1773 25.0 1775 24.0 2
1775 24.0 1778 23.0 3
1778 23.0 1781 22.0 3
1781 22.0 1784 21.0 3
1784 21.0 1787 20.0 3
1787 20.0 1790 19.0 3
1790 19.0 1793 18.0 3
1793 18.0 1796 17.0 3
1796 17.0 1799 16.0 3
1799 16.0 1802 15.0 3
1802 15.0 1805 14.0 3
1805 14.0 1810 13.0 5
1810 13.0 1815 12.0 5
1815 12.0 1819 11.0 4
1819 11.0 1824 10.0 5
1824 10.0 1825 11.0 1
1825 11.0 1829 12.0 4
1829 12.0 1832 13.0 3
1832 13.0 1835 14.0 3
1835 14.0 1838 15.0 3
1838 15.0 1840 16.0 2
1840 16.0 1843 17.0 3
1843 17.0 1846 18.0 3
1846 18.0 1848 19.0 2
1848 19.0 1851 20.0 3
1851 20.0 1853 21.0 2
1853 21.0 1856 22.0 3
1856 22.0 1858 23.0 2
1858 23.0 1861 24.0 3
1861 24.0 1864 25.0 3
1864 25.0 1866 26.0 2
1866 26.0 1869 27.0 3
1869 27.0 1872 28.0 3
1872 28.0 1876 29.0 4
1876 29.0 1879 30.0 3
1879 30.0 1880 29.0 1
1880 29.0 1882 28.0 2
1882 28.0 1884 27.0 2
1884 27.0 1887 26.0 3
1887 26.0 1889 25.0 2
1889 25.0 1892 24.0 3
1892 24.0 1895 23.0 3
1895 23.0 1899 22.0 4
1899 22.0 1903 21.0 4
1903 21.0 1907 20.0 4
1907 20.0 1910 19.0 3
1910 19.0 1914 18.0 4
1914 18.0 1917 17.0 3
1917 17.0 1920 16.0 3
1920 16.0 1923 15.0 3
1923 15.0 1926 14.0 3
1926 14.0 1930 13.0 4
1930 13.0 1933 12.0 3
1933 12.0 1937 11.0 4
1937 11.0 1942 10.0 5
1942 10.0 1943 11.0 1
1943 11.0 1946 12.0 3
1946 12.0 1949 13.0 3
1949 13.0 1952 14.0 3
1952 14.0 1955 15.0 3
1955 15.0 1957 16.0 2
1957 16.0 1959 17.0 2
1959 17.0 1962 18.0 3
1962 18.0 1965 19.0 3
1965 19.0 1967 20.0 2
1967 20.0 1970 21.0 3
1970 21.0 1973 22.0 3
1973 22.0 1976 23.0 3
1976 23.0 1978 24.0 2
1978 24.0 1981 25.0 3
1981 25.0 1984 26.0 3
1984 26.0 1986 27.0 2
1986 27.0 1989 28.0 3
1989 28.0 1992 29.0 3
1992 29.0 1995 30.0 3
1000 0.0 1002 1.0 2
1002 1.0 1005 2.0 3
1005 2.0 1008 3.0 3
1008 3.0 1011 4.0 3
1011 4.0 1014 5.0 3
1014 5.0 1017 6.0 3
1017 6.0 1020 7.0 3
1020 7.0 1024 8.0 4
1024 8.0 1027 9.0 3
1027 9.0 1030 10.0 3
1030 10.0 1034 11.0 4
1034 11.0 1037 12.0 3
1037 12.0 1041 13.0 4
1041 13.0 1045 14.0 4
1045 14.0 1049 15.0 4
1049 15.0 1053 16.0 4
1053 16.0 1057 17.0 4
1057 17.0 1061 18.0 4
1061 18.0 1065 19.0 4
1065 19.0 1069 20.0 4
1069 20.0 1072 21.0 3
1072 21.0 1075 22.0 3
1075 22.0 1078 23.0 3
1078 23.0 1081 24.0 3
1081 24.0 1085 25.0 4
1085 25.0 1090 26.0 5
1090 26.0 1096 27.0 6
1096 27.0 1101 28.0 5
1101 28.0 1106 29.0 5
1106 29.0 1109 30.0 3
1109 30.0 1110 29.0 1
1110 29.0 1112 28.0 2
1112 28.0 1113 27.0 1
1113 27.0 1115 26.0 2
1115 26.0 1117 25.0 2
1117 25.0 1119 24.0 2
1119 24.0 1121 23.0 2
1121 23.0 1123 22.0 2
1123 22.0 1126 21.0 3
1126 21.0 1128 20.0 2
1128 20.0 1130 19.0 2
1130 19.0 1133 18.0 3
1133 18.0 1136 17.0 3
1136 17.0 1139 16.0 3
1139 16.0 1142 15.0 3
1142 15.0 1145 14.0 3
1145 14.0 1149 13.0 4
1149 13.0 1152 12.0 3
1152 12.0 1157 11.0 5
1157 11.0 1161 10.0 4
1161 10.0 1162 11.0 1
1162 11.0 1165 12.0 3
1165 12.0 1169 13.0 4
1169 13.0 1172 14.0 3
1172 14.0 1175 15.0 3
1175 15.0 1179 16.0 4
1179 16.0 1182 17.0 3
1182 17.0 1184 18.0 2
1184 18.0 1187 19.0 3
1187 19.0 1189 20.0 2
1189 20.0 1192 21.0 3
1192 21.0 1194 22.0 2
1194 22.0 1197 23.0 3
1197 23.0 1200 24.0 3
1200 24.0 1203 25.0 3
1203 25.0 1207 26.0 4
1207 26.0 1210 27.0 3
1210 27.0 1213 28.0 3
1213 28.0 1217 29.0 4
1217 29.0 1220 30.0 3
1220 30.0 1221 29.0 1
1221 29.0 1223 28.0 2
1223 28.0 1225 27.0 2
1225 27.0 1227 26.0 2
1227 26.0 1229 25.0 2
1229 25.0 1231 24.0 2
1231 24.0 1233 23.0 2
1233 23.0 1236 22.0 3
1236 22.0 1238 21.0 2
1238 21.0 1241 20.0 3
1241 20.0 1243 19.0 2
1000 0.0 1001 1.0 1
1001 1.0 1003 2.0 2
1003 2.0 1005 3.0 2
1005 3.0 1007 4.0 2
1007 4.0 1009 5.0 2
1009 5.0 1011 6.0 2
1011 6.0 1013 7.0 2
1013 7.0 1015 8.0 2
1015 8.0 1017 9.0 2
1017 9.0 1020 10.0 3
1020 10.0 1022 11.0 2
1022 11.0 1024 12.0 2
1024 12.0 1026 13.0 2
1026 13.0 1028 14.0 2
1028 14.0 1031 15.0 3
1031 15.0 1033 16.0 2
1033 16.0 1035 17.0 2
1035 17.0 1038 18.0 3
1038 18.0 1040 19.0 2
1040 19.0 1043 20.0 3
1043 20.0 1045 21.0 2
1045 21.0 1048 22.0 3
1048 22.0 1050 23.0 2
1050 23.0 1053 24.0 3
1053 24.0 1056 25.0 3
1056 25.0 1058 26.0 2
1058 26.0 1061 27.0 3
1061 27.0 1064 28.0 3
1064 28.0 1067 29.0 3
1000 0.0 1002 1.0 2
1002 1.0 1004 2.0 2
1004 2.0 1006 3.0 2
1006 3.0 1008 4.0 2
1008 4.0 1010 5.0 2
1010 5.0 1012 6.0 2
1012 6.0 1014 7.0 2
1014 7.0 1016 8.0 2
1016 8.0 1018 9.0 2
1018 9.0 1021 10.0 3
1021 10.0 1023 11.0 2
1023 11.0 1025 12.0 2
1025 12.0 1027 13.0 2
1027 13.0 1029 14.0 2
1029 14.0 1032 15.0 3
1032 15.0 1034 16.0 2
1034 16.0 1036 17.0 2
1036 17.0 1039 18.0 3
1039 18.0 1042 19.0 3
1042 19.0 1044 20.0 2
1044 20.0 1047 21.0 3
1047 21.0 1049 22.0 2
1049 22.0 1052 23.0 3
1052 23.0 1054 24.0 2
1054 24.0 1057 25.0 3
1057 25.0 1061 26.0 4
1061 26.0 1064 27.0 3
1064 27.0 1067 28.0 3
1067 28.0 1071 29.0 4
1071 29.0 1074 30.0 3
1074 30.0 1075 29.0 1
1075 29.0 1077 28.0 2
1077 28.0 1078 27.0 1
1078 27.0 1080 26.0 2
1080 26.0 1082 25.0 2
1082 25.0 1085 24.0 3
1085 24.0 1087 23.0 2
1087 23.0 1090 22.0 3
1090 22.0 1094 21.0 4
1094 21.0 1097 20.0 3
1097 20.0 1101 19.0 4
1101 19.0 1104 18.0 3
1104 18.0 1107 17.0 3
1107 17.0 1110 16.0 3
1110 16.0 1113 15.0 3
1113 15.0 1116 14.0 3
1116 14.0 1120 13.0 4
1120 13.0 1125 12.0 5
1125 12.0 1129 11.0 4
1129 11.0 1135 10.0 6
1135 10.0 1136 11.0 1
1136 11.0 1139 12.0 3
1139 12.0 1143 13.0 4
1143 13.0 1147 14.0 4
1147 14.0 1151 15.0 4
1151 15.0 1155 16.0 4
1155 16.0 1159 17.0 4
1159 17.0 1163 18.0 4
1163 18.0 1167 19.0 4
1167 19.0 1171 20.0 4
1171 20.0 1174 21.0 3
1174 21.0 1177 22.0 3
1177 22.0 1181 23.0 4
1181 23.0 1186 24.0 5
1186 24.0 1191 25.0 5
1191 25.0 1195 26.0 4
1195 26.0 1199 27.0 4
1199 27.0 1202 28.0 3
1202 28.0 1205 29.0 3
1205 29.0 1208 30.0 3
1208 30.0 1209 29.0 1
1209 29.0 1211 28.0 2
1211 28.0 1214 27.0 3
1214 27.0 1217 26.0 3
1217 26.0 1219 25.0 2
1219 25.0 1223 24.0 4
1223 24.0 1226 23.0 3
1226 23.0 1229 22.0 3
1229 22.0 1233 21.0 4
1233 21.0 1236 20.0 3
1236 20.0 1240 19.0 4
1240 19.0 1243 18.0 3
1243 18.0 1245 17.0 2
1245 17.0 1250 16.0 5
1250 16.0 1254 15.0 4
1254 15.0 1259 14.0 5
1259 14.0 1264 13.0 5
1264 13.0 1269 12.0 5
1269 12.0 1273 11.0 4
1273 11.0 1278 10.0 5
1278 10.0 1279 11.0 1
1279 11.0 1281 12.0 2
1281 12.0 1284 13.0 3
1284 13.0 1287 14.0 3
1287 14.0 1290 15.0 3
1290 15.0 1292 16.0 2
1292 16.0 1295 17.0 3
1295 17.0 1298 18.0 3
1298 18.0 1300 19.0 2
1300 19.0 1302 20.0 2
1302 20.0 1305 21.0 3
1305 21.0 1307 22.0 2
1307 22.0 1310 23.0 3
1310 23.0 1313 24.0 3
1313 24.0 1316 25.0 3
1316 25.0 1319 26.0 3
1319 26.0 1322 27.0 3
1322 27.0 1324 28.0 2
1324 28.0 1327 29.0 3
1327 29.0 1330 30.0 3
1330 30.0 1331 29.0 1
1331 29.0 1333 28.0 2
1333 28.0 1336 27.0 3
1336 27.0 1338 26.0 2
1338 26.0 1341 25.0 3
1341 25.0 1344 24.0 3
1344 24.0 1347 23.0 3
1347 23.0 1350 22.0 3
1350 22.0 1354 21.0 4
1354 21.0 1357 20.0 3
1357 20.0 1361 19.0 4
1361 19.0 1365 18.0 4
1365 18.0 1369 17.0 4
1369 17.0 1374 16.0 5
1374 16.0 1379 15.0 5
1379 15.0 1384 14.0 5
1384 14.0 1388 13.0 4
1388 13.0 1392 12.0 4
1392 12.0 1399 11.0 7
1399 11.0 1421 10.0 22
1421 10.0 1422 11.0 1
1422 11.0 1424 12.0 2
1424 12.0 1426 13.0 2
1426 13.0 1429 14.0 3
1429 14.0 1432 15.0 3
1432 15.0 1434 16.0 2
1434 16.0 1437 17.0 3
1437 17.0 1440 18.0 3
1440 18.0 1442 19.0 2
1442 19.0 1445 20.0 3
1445 20.0 1447 21.0 2
1447 21.0 1450 22.0 3
1450 22.0 1452 23.0 2
1452 23.0 1455 24.0 3
1455 24.0 1458 25.0 3
1458 25.0 1460 26.0 2
1460 26.0 1463 27.0 3
1463 27.0 1466 28.0 3
1466 28.0 1469 29.0 3
1469 29.0 1472 30.0 3
1472 30.0 1473 29.0 1
1473 29.0 1475 28.0 2
1475 28.0 1478 27.0 3
1478 27.0 1481 26.0 3
1481 26.0 1484 25.0 3
1484 25.0 1487 24.0 3
1487 24.0 1489 23.0 2
1489 23.0 1493 22.0 4
1493 22.0 1496 21.0 3
1496 21.0 1500 20.0 4
1500 20.0 1503 19.0 3
1503 19.0 1506 18.0 3
1506 18.0 1510 17.0 4
1510 17.0 1513 16.0 3
1513 16.0 1517 15.0 4
1517 15.0 1520 14.0 3
1520 14.0 1524 13.0 4
1524 13.0 1530 12.0 6
1530 12.0 1536 11.0 6
1536 11.0 1546 10.0 10
1546 10.0 1547 11.0 1
1547 11.0 1550 12.0 3
1550 12.0 1554 13.0 4
1554 13.0 1558 14.0 4
1558 14.0 1562 15.0 4
1562 15.0 1566 16.0 4
1566 16.0 1570 17.0 4
1570 17.0 1574 18.0 4
1574 18.0 1578 19.0 4
1578 19.0 1583 20.0 5
1583 20.0 1588 21.0 5
1588 21.0 1592 22.0 4
1592 22.0 1597 23.0 5
1597 23.0 1602 24.0 5
1602 24.0 1607 25.0 5
1607 25.0 1610 26.0 3
1610 26.0 1613 27.0 3
1613 27.0 1616 28.0 3
1616 28.0 1620 29.0 4
1620 29.0 1623 30.0 3
1623 30.0 1624 29.0 1
1624 29.0 1626 28.0 2
1626 28.0 1629 27.0 3
1629 27.0 1632 26.0 3
1632 26.0 1635 25.0 3
1635 25.0 1638 24.0 3
1638 24.0 1641 23.0 3
1641 23.0 1645 22.0 4
1645 22.0 1648 21.0 3
1648 21.0 1651 20.0 3
1651 20.0 1655 19.0 4
1655 19.0 1659 18.0 4
1659 18.0 1664 17.0 5
1664 17.0 1670 16.0 6
1670 16.0 1677 15.0 7
1677 15.0 1684 14.0 7
1684 14.0 1691 13.0 7
1691 13.0 1698 12.0 7
1698 12.0 1705 11.0 7
1705 11.0 1713 10.0 8
1713 10.0 1714 11.0 1
1714 11.0 1717 12.0 3
1717 12.0 1720 13.0 3
1720 13.0 1724 14.0 4
1724 14.0 1727 15.0 3
1727 15.0 1731 16.0 4
1731 16.0 1734 17.0 3
1734 17.0 1737 18.0 3
1737 18.0 1740 19.0 3
1740 19.0 1745 20.0 5
1745 20.0 1749 21.0 4
1749 21.0 1754 22.0 5
1754 22.0 1759 23.0 5
1759 23.0 1764 24.0 5
1764 24.0 1769 25.0 5
1769 25.0 1775 26.0 6
1775 26.0 1780 27.0 5
1780 27.0 1786 28.0 6
1786 28.0 1792 29.0 6
1792 29.0 1799 30.0 7
1799 30.0 1800 29.0 1
1800 29.0 1801 28.0 1
1801 28.0 1803 27.0 2
1803 27.0 1805 26.0 2
1805 26.0 1807 25.0 2
1807 25.0 1809 24.0 2
1809 24.0 1811 23.0 2
1811 23.0 1813 22.0 2
1813 22.0 1815 21.0 2
1815 21.0 1818 20.0 3
1818 20.0 1820 19.0 2
1820 19.0 1823 18.0 3
1823 18.0 1827 17.0 4
1827 17.0 1832 16.0 5
1832 16.0 1838 15.0 6
1838 15.0 1844 14.0 6
1844 14.0 1852 13.0 8
1852 13.0 1860 12.0 8
1860 12.0 1866 11.0 6
1866 11.0 1887 10.0 21
1887 10.0 1888 11.0 1
1888 11.0 1890 12.0 2
1890 12.0 1892 13.0 2
1892 13.0 1894 14.0 2
1894 14.0 1897 15.0 3
1897 15.0 1899 16.0 2
1899 16.0 1902 17.0 3
1902 17.0 1905 18.0 3
1905 18.0 1907 19.0 2
1907 19.0 1910 20.0 3
1910 20.0 1912 21.0 2
1912 21.0 1915 22.0 3
1915 22.0 1917 23.0 2
1917 23.0 1920 24.0 3
1920 24.0 1923 25.0 3
1923 25.0 1925 26.0 2
1925 26.0 1928 27.0 3
1928 27.0 1931 28.0 3
1931 28.0 1934 29.0 3
1934 29.0 1938 30.0 4
1938 30.0 1939 29.0 1
1939 29.0 1941 28.0 2
1941 28.0 1943 27.0 2
1943 27.0 1946 26.0 3
1946 26.0 1948 25.0 2
1948 25.0 1951 24.0 3
1951 24.0 1954 23.0 3
1954 23.0 1957 22.0 3
1957 22.0 1959 21.0 2
1959 21.0 1962 20.0 3
1962 20.0 1966 19.0 4
1966 19.0 1970 18.0 4
1970 18.0 1973 17.0 3
1973 17.0 1976 16.0 3
1976 16.0 1980 15.0 4
1980 15.0 1983 14.0 3
1983 14.0 1987 13.0 4
1987 13.0 1994 12.0 7
1994 12.0 2005 11.0 11
2005 11.0 2014 10.0 9
2014 10.0 2015 11.0 1
2015 11.0 2018 12.0 3
2018 12.0 2021 13.0 3
2021 13.0 2023 14.0 2
2023 14.0 2026 15.0 3
2026 15.0 2028 16.0 2
2028 16.0 2030 17.0 2
2030 17.0 2033 18.0 3
2033 18.0 2036 19.0 3
2036 19.0 2038 20.0 2
2038 20.0 2041 21.0 3
2041 21.0 2044 22.0 3
2044 22.0 2047 23.0 3
2047 23.0 2050 24.0 3
2050 24.0 2053 25.0 3
2053 25.0 2056 26.0 3
2056 26.0 2060 27.0 4
2060 27.0 2066 28.0 6
2066 28.0 2070 29.0 4
2070 29.0 2074 30.0 4
2074 30.0 2075 29.0 1
2075 29.0 2077 28.0 2
2077 28.0 2079 27.0 2
2079 27.0 2081 26.0 2
2081 26.0 2083 25.0 2
2083 25.0 2086 24.0 3
2086 24.0 2088 23.0 2
2088 23.0 2090 22.0 2
2090 22.0 2092 21.0 2
2092 21.0 2094 20.0 2
2094 20.0 2097 19.0 3
2097 19.0 2100 18.0 3
2100 18.0 2102 17.0 2
2102 17.0 2105 16.0 3
2105 16.0 2108 15.0 3
2108 15.0 2112 14.0 4
2112 14.0 2115 13.0 3
2115 13.0 2119 12.0 4
2119 12.0 2123 11.0 4
2123 11.0 2128 10.0 5
2128 10.0 2129 11.0 1
2129 11.0 2133 12.0 4
2133 12.0 2137 13.0 4
2137 13.0 2140 14.0 3
2140 14.0 2144 15.0 4
2144 15.0 2148 16.0 4
2148 16.0 2152 17.0 4
2152 17.0 2156 18.0 4
2156 18.0 2161 19.0 5
2161 19.0 2165 20.0 4
2165 20.0 2170 21.0 5
2170 21.0 2174 22.0 4
2174 22.0 2178 23.0 4
2178 23.0 2182 24.0 4
2182 24.0 2186 25.0 4
2186 25.0 2190 26.0 4
2190 26.0 2195 27.0 5
2195 27.0 2201 28.0 6
2201 28.0 2207 29.0 6
2207 29.0 2212 30.0 5
2212 30.0 2213 29.0 1
2213 29.0 2214 28.0 1
2214 28.0 2216 27.0 2
2216 27.0 2218 26.0 2
2218 26.0 2220 25.0 2
2220 25.0 2222 24.0 2
2222 24.0 2224 23.0 2
2224 23.0 2226 22.0 2
2226 22.0 2230 21.0 4
2230 21.0 2233 20.0 3
2233 20.0 2237 19.0 4
2237 19.0 2241 18.0 4
2241 18.0 2244 17.0 3
2244 17.0 2247 16.0 3
2247 16.0 2250 15.0 3
2250 15.0 2254 14.0 4
2254 14.0 2257 13.0 3
2257 13.0 2261 12.0 4
2261 12.0 2265 11.0 4
2265 11.0 2271 10.0 6
2271 10.0 2272 11.0 1
2272 11.0 2275 12.0 3
2275 12.0 2279 13.0 4
2279 13.0 2283 14.0 4
2283 14.0 2287 15.0 4
2287 15.0 2291 16.0 4
2291 16.0 2295 17.0 4
2295 17.0 2299 18.0 4
2299 18.0 2303 19.0 4
2303 19.0 2308 20.0 5
2308 20.0 2312 21.0 4
2312 21.0 2317 22.0 5
2317 22.0 2322 23.0 5
2322 23.0 2327 24.0 5
2327 24.0 2332 25.0 5
2332 25.0 2337 26.0 5
2337 26.0 2341 27.0 4
2341 27.0 2347 28.0 6
2347 28.0 2353 29.0 6
2353 29.0 2360 30.0 7
2360 30.0 2361 29.0 1
2361 29.0 2362 28.0 1
2362 28.0 2364 27.0 2
2364 27.0 2366 26.0 2
2366 26.0 2368 25.0 2
2368 25.0 2370 24.0 2
2370 24.0 2372 23.0 2
2372 23.0 2374 22.0 2
2374 22.0 2376 21.0 2
2376 21.0 2379 20.0 3
2379 20.0 2381 19.0 2
2381 19.0 2384 18.0 3
2384 18.0 2387 17.0 3
2387 17.0 2389 16.0 2
2389 16.0 2393 15.0 4
2393 15.0 2396 14.0 3
2396 14.0 2399 13.0 3
2399 13.0 2403 12.0 4
2403 12.0 2407 11.0 4
2407 11.0 2412 10.0 5
2412 10.0 2413 11.0 1
2413 11.0 2415 12.0 2
2415 12.0 2419 13.0 4
2419 13.0 2422 14.0 3
2422 14.0 2425 15.0 3
2425 15.0 2428 16.0 3
2428 16.0 2431 17.0 3
2431 17.0 2433 18.0 2
2433 18.0 2436 19.0 3
2436 19.0 2438 20.0 2
2438 20.0 2440 21.0 2
2440 21.0 2443 22.0 3
2443 22.0 2446 23.0 3
2446 23.0 2449 24.0 3
2449 24.0 2452 25.0 3
2452 25.0 2454 26.0 2
2454 26.0 2457 27.0 3
2457 27.0 2461 28.0 4
2461 28.0 2464 29.0 3
2464 29.0 2469 30.0 5
2469 30.0 2470 29.0 1
2470 29.0 2471 28.0 1
2471 28.0 2473 27.0 2
2473 27.0 2475 26.0 2
2475 26.0 2477 25.0 2
2477 25.0 2479 24.0 2
2479 24.0 2481 23.0 2
2481 23.0 2483 22.0 2
2483 22.0 2485 21.0 2
2485 21.0 2488 20.0 3
2488 20.0 2491 19.0 3
2491 19.0 2493 18.0 2
2493 18.0 2496 17.0 3
2496 17.0 2499 16.0 3
2499 16.0 2502 15.0 3
2502 15.0 2506 14.0 4
2506 14.0 2509 13.0 3
2509 13.0 2513 12.0 4
2513 12.0 2517 11.0 4
2517 11.0 2521 10.0 4
2521 10.0 2522 11.0 1
2522 11.0 2525 12.0 3
2525 12.0 2529 13.0 4
2529 13.0 2533 14.0 4
2533 14.0 2536 15.0 3
2536 15.0 2539 16.0 3
2539 16.0 2543 17.0 4
2543 17.0 2547 18.0 4
2547 18.0 2552 19.0 5
2552 19.0 2556 20.0 4
2556 20.0 2561 21.0 5
2561 21.0 2564 22.0 3
2564 22.0 2567 23.0 3
2567 23.0 2571 24.0 4
2571 24.0 2576 25.0 5
2576 25.0 2581 26.0 5
2581 26.0 2585 27.0 4
2585 27.0 2588 28.0 3
2588 28.0 2592 29.0 4
2592 29.0 2596 30.0 4
2596 30.0 2597 29.0 1
2597 29.0 2599 28.0 2
2599 28.0 2601 27.0 2
2601 27.0 2603 26.0 2
2603 26.0 2606 25.0 3
2606 25.0 2609 24.0 3
2609 24.0 2613 23.0 4
2613 23.0 2616 22.0 3
2616 22.0 2620 21.0 4
2620 21.0 2623 20.0 3
2623 20.0 2627 19.0 4
2627 19.0 2630 18.0 3
2630 18.0 2633 17.0 3
2633 17.0 2637 16.0 4
2637 16.0 2641 15.0 4
2641 15.0 2645 14.0 4
2645 14.0 2649 13.0 4
2649 13.0 2654 12.0 5
2654 12.0 2658 11.0 4
2658 11.0 2663 10.0 5
2663 10.0 2664 11.0 1
2664 11.0 2668 12.0 4
2668 12.0 2671 13.0 3
2671 13.0 2674 14.0 3
2674 14.0 2678 15.0 4
2678 15.0 2682 16.0 4
2682 16.0 2686 17.0 4
2686 17.0 2690 18.0 4
2690 18.0 2694 19.0 4
2694 19.0 2699 20.0 5
2699 20.0 2703 21.0 4
2703 21.0 2707 22.0 4
2707 22.0 2711 23.0 4
1000 0.0 1002 1.0 2
1002 1.0 1004 2.0 2
1004 2.0 1007 3.0 3
1007 3.0 1010 4.0 3
1010 4.0 1013 5.0 3
1013 5.0 1016 6.0 3
1016 6.0 1019 7.0 3
1019 7.0 1023 8.0 4
1023 8.0 1026 9.0 3
1026 9.0 1029 10.0 3
1029 10.0 1033 11.0 4
1033 11.0 1036 12.0 3
1036 12.0 1040 13.0 4
1040 13.0 1043 14.0 3
1043 14.0 1045 15.0 2
1045 15.0 1048 16.0 3
1048 16.0 1051 17.0 3
1051 17.0 1054 18.0 3
1054 18.0 1058 19.0 4
1058 19.0 1062 20.0 4
1062 20.0 1065 21.0 3
1065 21.0 1068 22.0 3
1068 22.0 1071 23.0 3
1071 23.0 1075 24.0 4
1075 24.0 1080 25.0 5
1080 25.0 1084 26.0 4
1084 26.0 1088 27.0 4
1088 27.0 1091 28.0 3
1091 28.0 1094 29.0 3
1094 29.0 1098 30.0 4
1098 30.0 1099 29.0 1
1099 29.0 1102 28.0 3
1102 28.0 1104 27.0 2
1104 27.0 1107 26.0 3
1107 26.0 1109 25.0 2
1109 25.0 1112 24.0 3
1112 24.0 1115 23.0 3
1115 23.0 1118 22.0 3
1118 22.0 1121 21.0 3
1121 21.0 1123 20.0 2
1123 20.0 1126 19.0 3
1126 19.0 1128 18.0 2
1128 18.0 1131 17.0 3
1131 17.0 1136 16.0 5
1136 16.0 1141 15.0 5
1141 15.0 1148 14.0 7
1148 14.0 1158 13.0 10
1158 13.0 1168 12.0 10
1168 12.0 1180 11.0 12
1180 11.0 1189 10.0 9
1189 10.0 1190 11.0 1
1190 11.0 1193 12.0 3
1193 12.0 1196 13.0 3
1196 13.0 1200 14.0 4
1200 14.0 1203 15.0 3
1203 15.0 1206 16.0 3
1206 16.0 1210 17.0 4
1210 17.0 1214 18.0 4
1214 18.0 1219 19.0 5
1219 19.0 1223 20.0 4
1223 20.0 1227 21.0 4
1227 21.0 1230 22.0 3
1230 22.0 1233 23.0 3
1233 23.0 1236 24.0 3
1236 24.0 1239 25.0 3
1239 25.0 1242 26.0 3
1242 26.0 1245 27.0 3
1245 27.0 1248 28.0 3
1248 28.0 1250 29.0 2
1250 29.0 1253 30.0 3
1253 30.0 1254 29.0 1
1254 29.0 1256 28.0 2
1256 28.0 1258 27.0 2
1258 27.0 1261 26.0 3
1261 26.0 1263 25.0 2
1263 25.0 1265 24.0 2
1265 24.0 1268 23.0 3
1268 23.0 1270 22.0 2
1270 22.0 1272 21.0 2
1272 21.0 1275 20.0 3
1275 20.0 1278 19.0 3
1278 19.0 1281 18.0 3
1281 18.0 1285 17.0 4
1285 17.0 1290 16.0 5
1290 16.0 1296 15.0 6
1296 15.0 1302 14.0 6
1302 14.0 1311 13.0 9
1311 13.0 1317 12.0 6
1317 12.0 1325 11.0 8
1325 11.0 1332 10.0 7
1332 10.0 1333 11.0 1
1333 11.0 1335 12.0 2
1335 12.0 1338 13.0 3
1338 13.0 1342 14.0 4
1342 14.0 1345 15.0 3
1345 15.0 1349 16.0 4
1349 16.0 1353 17.0 4
1353 17.0 1357 18.0 4
1357 18.0 1361 19.0 4
1361 19.0 1366 20.0 5
1366 20.0 1369 21.0 3
1369 21.0 1374 22.0 5
1374 22.0 1378 23.0 4
1378 23.0 1381 24.0 3
1381 24.0 1384 25.0 3
1384 25.0 1387 26.0 3
1387 26.0 1390 27.0 3
1390 27.0 1393 28.0 3
1393 28.0 1396 29.0 3
1396 29.0 1399 30.0 3
1399 30.0 1400 29.0 1
1400 29.0 1403 28.0 3
1403 28.0 1405 27.0 2
1405 27.0 1408 26.0 3
1408 26.0 1411 25.0 3
1411 25.0 1414 24.0 3
1414 24.0 1417 23.0 3
1417 23.0 1420 22.0 3
1420 22.0 1423 21.0 3
1423 21.0 1426 20.0 3
1426 20.0 1428 19.0 2
1428 19.0 1431 18.0 3
1431 18.0 1433 17.0 2
1433 17.0 1436 16.0 3
1436 16.0 1439 15.0 3
1000 0.0 1002 1.0 2
1002 1.0 1005 2.0 3
1005 2.0 1007 3.0 2
1007 3.0 1010 4.0 3
1010 4.0 1012 5.0 2
1012 5.0 1015 6.0 3
1015 6.0 1018 7.0 3
1018 7.0 1021 8.0 3
1021 8.0 1024 9.0 3
1024 9.0 1027 10.0 3
1027 10.0 1030 11.0 3
1030 11.0 1032 12.0 2
1032 12.0 1035 13.0 3
1035 13.0 1037 14.0 2
1037 14.0 1040 15.0 3
1040 15.0 1043 16.0 3
1043 16.0 1046 17.0 3
1046 17.0 1049 18.0 3
1049 18.0 1051 19.0 2
1051 19.0 1054 20.0 3
1054 20.0 1057 21.0 3
1057 21.0 1060 22.0 3
1060 22.0 1063 23.0 3
1063 23.0 1065 24.0 2
1065 24.0 1068 25.0 3
1068 25.0 1072 26.0 4
1072 26.0 1075 27.0 3
1075 27.0 1078 28.0 3
1078 28.0 1081 29.0 3
1081 29.0 1084 30.0 3
1084 30.0 1085 29.0 1
1085 29.0 1088 28.0 3
1088 28.0 1090 27.0 2
1090 27.0 1093 26.0 3
1093 26.0 1096 25.0 3
1096 25.0 1099 24.0 3
1099 24.0 1101 23.0 2
1101 23.0 1104 22.0 3
1104 22.0 1108 21.0 4
1108 21.0 1111 20.0 3
1111 20.0 1116 19.0 5
1116 19.0 1121 18.0 5
1121 18.0 1126 17.0 5
1126 17.0 1131 16.0 5
1131 16.0 1138 15.0 7
1138 15.0 1146 14.0 8
1146 14.0 1156 13.0 10
1156 13.0 1166 12.0 10
1166 12.0 1182 11.0 16
1182 11.0 1207 10.0 25
1207 10.0 1208 11.0 1
1208 11.0 1210 12.0 2
1210 12.0 1212 13.0 2
1212 13.0 1214 14.0 2
1214 14.0 1216 15.0 2
1216 15.0 1219 16.0 3
1219 16.0 1221 17.0 2
1221 17.0 1223 18.0 2
1223 18.0 1226 19.0 3
1226 19.0 1228 20.0 2
1228 20.0 1231 21.0 3
1231 21.0 1233 22.0 2
1233 22.0 1236 23.0 3
1236 23.0 1239 24.0 3
1239 24.0 1241 25.0 2
1241 25.0 1244 26.0 3
1244 26.0 1247 27.0 3
1247 27.0 1250 28.0 3
1250 28.0 1253 29.0 3
1253 29.0 1256 30.0 3
1256 30.0 1257 29.0 1
1257 29.0 1260 28.0 3
1260 28.0 1262 27.0 2
1262 27.0 1264 26.0 2
1264 26.0 1267 25.0 3
1267 25.0 1270 24.0 3
1270 24.0 1274 23.0 4
1274 23.0 1277 22.0 3
1277 22.0 1281 21.0 4
1281 21.0 1285 20.0 4
1285 20.0 1290 19.0 5
1290 19.0 1294 18.0 4
1294 18.0 1298 17.0 4
1298 17.0 1301 16.0 3
1301 16.0 1307 15.0 6
1307 15.0 1312 14.0 5
1312 14.0 1319 13.0 7
1319 13.0 1326 12.0 7
1326 12.0 1332 11.0 6
1332 11.0 1339 10.0 7
1339 10.0 1340 11.0 1
1340 11.0 1343 12.0 3
1343 12.0 1346 13.0 3
1346 13.0 1348 14.0 2
1348 14.0 1351 15.0 3
1351 15.0 1354 16.0 3
1354 16.0 1357 17.0 3
1357 17.0 1362 18.0 5
1362 18.0 1366 19.0 4
1366 19.0 1369 20.0 3
1369 20.0 1372 21.0 3
1372 21.0 1375 22.0 3
1375 22.0 1379 23.0 4
1379 23.0 1382 24.0 3
1382 24.0 1385 25.0 3
1385 25.0 1389 26.0 4
1389 26.0 1392 27.0 3
1392 27.0 1395 28.0 3
1395 28.0 1399 29.0 4
1399 29.0 1402 30.0 3
1402 30.0 1403 29.0 1
1403 29.0 1406 28.0 3
1406 28.0 1408 27.0 2
1408 27.0 1410 26.0 2
1410 26.0 1412 25.0 2
1412 25.0 1415 24.0 3
1415 24.0 1418 23.0 3
1418 23.0 1421 22.0 3
1421 22.0 1424 21.0 3
1424 21.0 1427 20.0 3
1427 20.0 1431 19.0 4
1431 19.0 1435 18.0 4
1435 18.0 1440 17.0 5
1440 17.0 1445 16.0 5
1445 16.0 1450 15.0 5
1450 15.0 1454 14.0 4
1454 14.0 1458 13.0 4
1458 13.0 1464 12.0 6
1464 12.0 1470 11.0 6
1470 11.0 1479 10.0 9
1479 10.0 1480 11.0 1
1480 11.0 1483 12.0 3
1483 12.0 1487 13.0 4
1487 13.0 1491 14.0 4
1491 14.0 1495 15.0 4
1495 15.0 1499 16.0 4
1499 16.0 1503 17.0 4
1503 17.0 1507 18.0 4
1507 18.0 1511 19.0 4
1511 19.0 1516 20.0 5
1516 20.0 1519 21.0 3
1519 21.0 1523 22.0 4
1523 22.0 1528 23.0 5
1528 23.0 1531 24.0 3
1531 24.0 1534 25.0 3
1534 25.0 1538 26.0 4
1538 26.0 1542 27.0 4
1542 27.0 1545 28.0 3
1545 28.0 1548 29.0 3
1548 29.0 1552 30.0 4
1552 30.0 1553 29.0 1
1553 29.0 1555 28.0 2
1555 28.0 1557 27.0 2
1557 27.0 1560 26.0 3
1560 26.0 1562 25.0 2
1562 25.0 1565 24.0 3
1565 24.0 1568 23.0 3
1568 23.0 1571 22.0 3
1571 22.0 1575 21.0 4
1575 21.0 1578 20.0 3
1578 20.0 1582 19.0 4
1582 19.0 1586 18.0 4
1586 18.0 1589 17.0 3
1589 17.0 1592 16.0 3
1592 16.0 1595 15.0 3
1595 15.0 1600 14.0 5
1600 14.0 1604 13.0 4
1604 13.0 1608 12.0 4
1608 12.0 1614 11.0 6
1614 11.0 1620 10.0 6
1620 10.0 1621 11.0 1
1621 11.0 1624 12.0 3
1624 12.0 1628 13.0 4
1628 13.0 1632 14.0 4
1632 14.0 1635 15.0 3
1635 15.0 1639 16.0 4
1639 16.0 1644 17.0 5
1644 17.0 1648 18.0 4
1648 18.0 1652 19.0 4
1652 19.0 1657 20.0 5
1657 20.0 1661 21.0 4
1661 21.0 1666 22.0 5
1666 22.0 1671 23.0 5
1671 23.0 1676 24.0 5
1676 24.0 1681 25.0 5
1681 25.0 1686 26.0 5
1686 26.0 1690 27.0 4
1690 27.0 1694 28.0 4
1694 28.0 1697 29.0 3
1697 29.0 1701 30.0 4
1701 30.0 1702 29.0 1
1702 29.0 1705 28.0 3
1705 28.0 1707 27.0 2
1707 27.0 1710 26.0 3
1710 26.0 1713 25.0 3
1713 25.0 1715 24.0 2
1715 24.0 1718 23.0 3
1718 23.0 1720 22.0 2
1720 22.0 1723 21.0 3
1723 21.0 1727 20.0 4
1727 20.0 1730 19.0 3
1730 19.0 1732 18.0 2
1732 18.0 1735 17.0 3
1735 17.0 1738 16.0 3
1738 16.0 1741 15.0 3
1741 15.0 1744 14.0 3
1744 14.0 1748 13.0 4
1748 13.0 1752 12.0 4
1752 12.0 1756 11.0 4
1756 11.0 1760 10.0 4
1760 10.0 1761 11.0 1
1761 11.0 1764 12.0 3
1764 12.0 1768 13.0 4
1768 13.0 1772 14.0 4
1772 14.0 1775 15.0 3
1775 15.0 1779 16.0 4
1779 16.0 1783 17.0 4
1783 17.0 1786 18.0 3
1786 18.0 1791 19.0 5
1791 19.0 1795 20.0 4
1795 20.0 1799 21.0 4
1799 21.0 1802 22.0 3
1802 22.0 1805 23.0 3
1805 23.0 1808 24.0 3
1808 24.0 1811 25.0 3
1811 25.0 1814 26.0 3
1814 26.0 1817 27.0 3
1817 27.0 1819 28.0 2
1819 28.0 1823 29.0 4
1000 0.0 1002 1.0 2
1002 1.0 1005 2.0 3
1005 2.0 1008 3.0 3
1008 3.0 1011 4.0 3
1011 4.0 1014 5.0 3
1014 5.0 1017 6.0 3
1017 6.0 1020 7.0 3
1020 7.0 1023 8.0 3
1023 8.0 1026 9.0 3
1026 9.0 1029 10.0 3
1029 10.0 1033 11.0 4
1033 11.0 1036 12.0 3
1036 12.0 1039 13.0 3
1039 13.0 1042 14.0 3
1042 14.0 1044 15.0 2
1044 15.0 1047 16.0 3
1047 16.0 1050 17.0 3
1050 17.0 1055 18.0 5
1055 18.0 1058 19.0 3
1058 19.0 1061 20.0 3
1061 20.0 1064 21.0 3
1064 21.0 1067 22.0 3
1067 22.0 1070 23.0 3
1070 23.0 1073 24.0 3
1073 24.0 1076 25.0 3
1076 25.0 1078 26.0 2
1078 26.0 1081 27.0 3
1081 27.0 1084 28.0 3
1084 28.0 1087 29.0 3
1087 29.0 1090 30.0 3
1090 30.0 1091 29.0 1
1091 29.0 1094 28.0 3
1094 28.0 1096 27.0 2
1096 27.0 1099 26.0 3
1099 26.0 1102 25.0 3
1102 25.0 1105 24.0 3
1105 24.0 1108 23.0 3
1108 23.0 1112 22.0 4
1112 22.0 1116 21.0 4
1116 21.0 1119 20.0 3
1119 20.0 1123 19.0 4
1123 19.0 1127 18.0 4
1127 18.0 1131 17.0 4
1131 17.0 1137 16.0 6
1137 16.0 1142 15.0 5
1142 15.0 1146 14.0 4
1146 14.0 1152 13.0 6
1152 13.0 1158 12.0 6
1158 12.0 1167 11.0 9
1167 11.0 1189 10.0 22
1189 10.0 1190 11.0 1
1190 11.0 1192 12.0 2
1192 12.0 1194 13.0 2
1194 13.0 1196 14.0 2
1196 14.0 1198 15.0 2
1198 15.0 1201 16.0 3
1201 16.0 1203 17.0 2
1203 17.0 1206 18.0 3
1206 18.0 1208 19.0 2
1208 19.0 1210 20.0 2
1210 20.0 1213 21.0 3
1213 21.0 1216 22.0 3
1216 22.0 1218 23.0 2
1218 23.0 1221 24.0 3
1221 24.0 1223 25.0 2
1223 25.0 1226 26.0 3
1226 26.0 1229 27.0 3
1229 27.0 1232 28.0 3
1232 28.0 1235 29.0 3
1235 29.0 1239 30.0 4
1239 30.0 1240 29.0 1
1240 29.0 1242 28.0 2
1242 28.0 1244 27.0 2
1244 27.0 1247 26.0 3
1247 26.0 1249 25.0 2
1249 25.0 1252 24.0 3
1252 24.0 1254 23.0 2
1254 23.0 1256 22.0 2
1256 22.0 1259 21.0 3
1259 21.0 1261 20.0 2
1261 20.0 1264 19.0 3
1264 19.0 1268 18.0 4
1268 18.0 1271 17.0 3
1271 17.0 1274 16.0 3
1274 16.0 1277 15.0 3
1277 15.0 1282 14.0 5
1282 14.0 1288 13.0 6
1288 13.0 1292 12.0 4
1292 12.0 1296 11.0 4
1296 11.0 1301 10.0 5
1301 10.0 1302 11.0 1
1302 11.0 1306 12.0 4
1306 12.0 1309 13.0 3
1309 13.0 1313 14.0 4
1313 14.0 1317 15.0 4
1317 15.0 1321 16.0 4
1321 16.0 1325 17.0 4
1325 17.0 1329 18.0 4
1329 18.0 1334 19.0 5
1334 19.0 1338 20.0 4
1338 20.0 1343 21.0 5
1343 21.0 1347 22.0 4
1347 22.0 1352 23.0 5
1352 23.0 1357 24.0 5
1357 24.0 1361 25.0 4
1361 25.0 1366 26.0 5
1366 26.0 1369 27.0 3
1369 27.0 1373 28.0 4
1373 28.0 1377 29.0 4
1377 29.0 1382 30.0 5
1382 30.0 1383 29.0 1
1383 29.0 1385 28.0 2
1385 28.0 1387 27.0 2
1387 27.0 1389 26.0 2
1389 26.0 1392 25.0 3
1392 25.0 1395 24.0 3
1395 24.0 1398 23.0 3
1398 23.0 1401 22.0 3
1401 22.0 1404 21.0 3
1404 21.0 1408 20.0 4
1408 20.0 1412 19.0 4
1412 19.0 1416 18.0 4
1416 18.0 1422 17.0 6
1422 17.0 1428 16.0 6
1428 16.0 1435 15.0 7
1435 15.0 1444 14.0 9
1444 14.0 1451 13.0 7
1451 13.0 1456 12.0 5
1456 12.0 1469 11.0 13
1469 11.0 1495 10.0 26
1495 10.0 1496 11.0 1
1496 11.0 1498 12.0 2
1498 12.0 1500 13.0 2
1500 13.0 1502 14.0 2
1502 14.0 1504 15.0 2
1504 15.0 1507 16.0 3
1507 16.0 1509 17.0 2
1509 17.0 1512 18.0 3
1512 18.0 1514 19.0 2
1514 19.0 1516 20.0 2
1516 20.0 1519 21.0 3
1519 21.0 1522 22.0 3
1522 22.0 1525 23.0 3
1525 23.0 1528 24.0 3
1528 24.0 1531 25.0 3
1531 25.0 1534 26.0 3
1534 26.0 1536 27.0 2
1536 27.0 1539 28.0 3
1539 28.0 1542 29.0 3
1542 29.0 1545 30.0 3
1545 30.0 1546 29.0 1
1546 29.0 1548 28.0 2
1548 28.0 1550 27.0 2
1550 27.0 1553 26.0 3
1553 26.0 1556 25.0 3
1556 25.0 1559 24.0 3
1559 24.0 1562 23.0 3
1562 23.0 1565 22.0 3
1565 22.0 1568 21.0 3
1568 21.0 1571 20.0 3
1571 20.0 1574 19.0 3
1574 19.0 1577 18.0 3
1577 18.0 1580 17.0 3
1580 17.0 1583 16.0 3
1583 16.0 1586 15.0 3
1586 15.0 1589 14.0 3
1589 14.0 1593 13.0 4
1593 13.0 1597 12.0 4
1597 12.0 1601 11.0 4
1601 11.0 1605 10.0 4
1605 10.0 1606 11.0 1
1606 11.0 1609 12.0 3
1609 12.0 1612 13.0 3
1612 13.0 1615 14.0 3
1615 14.0 1619 15.0 4
1619 15.0 1623 16.0 4
1623 16.0 1627 17.0 4
1627 17.0 1631 18.0 4
1631 18.0 1636 19.0 5
1636 19.0 1639 20.0 3
1639 20.0 1643 21.0 4
1643 21.0 1646 22.0 3
1646 22.0 1649 23.0 3
1649 23.0 1652 24.0 3
1652 24.0 1656 25.0 4
1656 25.0 1659 26.0 3
1659 26.0 1663 27.0 4
1663 27.0 1666 28.0 3
1666 28.0 1669 29.0 3
1669 29.0 1673 30.0 4
1673 30.0 1674 29.0 1
1674 29.0 1676 28.0 2
1676 28.0 1678 27.0 2
1678 27.0 1681 26.0 3
1681 26.0 1683 25.0 2
1683 25.0 1685 24.0 2
1685 24.0 1687 23.0 2
1687 23.0 1690 22.0 3
1690 22.0 1692 21.0 2
1692 21.0 1695 20.0 3
1695 20.0 1698 19.0 3
1698 19.0 1702 18.0 4
1702 18.0 1705 17.0 3
1705 17.0 1708 16.0 3
1708 16.0 1712 15.0 4
1712 15.0 1716 14.0 4
1716 14.0 1722 13.0 6
1000 0.0 1002 1.0 2
1002 1.0 1004 2.0 2
1004 2.0 1006 3.0 2
1006 3.0 1008 4.0 2
1008 4.0 1010 5.0 2
1010 5.0 1012 6.0 2
1012 6.0 1015 7.0 3
1015 7.0 1017 8.0 2
1017 8.0 1020 9.0 3
1020 9.0 1023 10.0 3
1023 10.0 1027 11.0 4
1027 11.0 1030 12.0 3
1030 12.0 1034 13.0 4
1034 13.0 1037 14.0 3
1037 14.0 1040 15.0 3
1040 15.0 1043 16.0 3
1043 16.0 1046 17.0 3
1046 17.0 1048 18.0 2
1048 18.0 1050 19.0 2
1050 19.0 1053 20.0 3
1053 20.0 1055 21.0 2
1055 21.0 1058 22.0 3
1058 22.0 1061 23.0 3
1061 23.0 1063 24.0 2
1063 24.0 1066 25.0 3
1066 25.0 1069 26.0 3
1069 26.0 1071 27.0 2
1071 27.0 1074 28.0 3
1074 28.0 1078 29.0 4
1078 29.0 1081 30.0 3
1081 30.0 1082 29.0 1
1082 29.0 1084 28.0 2
1084 28.0 1086 27.0 2
1086 27.0 1089 26.0 3
1089 26.0 1091 25.0 2
1091 25.0 1094 24.0 3
1094 24.0 1097 23.0 3
1097 23.0 1101 22.0 4
1101 22.0 1104 21.0 3
1104 21.0 1107 20.0 3
1107 20.0 1111 19.0 4
1111 19.0 1115 18.0 4
1115 18.0 1118 17.0 3
1118 17.0 1121 16.0 3
1121 16.0 1124 15.0 3
1124 15.0 1127 14.0 3
1127 14.0 1131 13.0 4
1131 13.0 1134 12.0 3
1134 12.0 1139 11.0 5
1139 11.0 1143 10.0 4
1143 10.0 1144 11.0 1
1144 11.0 1147 12.0 3
1147 12.0 1150 13.0 3
1150 13.0 1153 14.0 3
1153 14.0 1155 15.0 2
1155 15.0 1158 16.0 3
1158 16.0 1161 17.0 3
1161 17.0 1164 18.0 3
1164 18.0 1167 19.0 3
1167 19.0 1170 20.0 3
1170 20.0 1172 21.0 2
1172 21.0 1175 22.0 3
1175 22.0 1178 23.0 3
1178 23.0 1181 24.0 3
1181 24.0 1184 25.0 3
1184 25.0 1187 26.0 3
1187 26.0 1190 27.0 3
1190 27.0 1193 28.0 3
1193 28.0 1196 29.0 3
1196 29.0 1199 30.0 3
1199 30.0 1200 29.0 1
1200 29.0 1202 28.0 2
1202 28.0 1205 27.0 3
1205 27.0 1207 26.0 2
1207 26.0 1210 25.0 3
1210 25.0 1213 24.0 3
1213 24.0 1216 23.0 3
1216 23.0 1220 22.0 4
1220 22.0 1224 21.0 4
1224 21.0 1228 20.0 4
1228 20.0 1232 19.0 4
1232 19.0 1237 18.0 5
1237 18.0 1243 17.0 6
1243 17.0 1248 16.0 5
1248 16.0 1253 15.0 5
1253 15.0 1257 14.0 4
1257 14.0 1260 13.0 3
1260 13.0 1266 12.0 6
1266 12.0 1271 11.0 5
1271 11.0 1275 10.0 4
1275 10.0 1276 11.0 1
1276 11.0 1279 12.0 3
1279 12.0 1283 13.0 4
1283 13.0 1287 14.0 4
1287 14.0 1291 15.0 4
1291 15.0 1295 16.0 4
1295 16.0 1299 17.0 4
1299 17.0 1302 18.0 3
1302 18.0 1306 19.0 4
1306 19.0 1309 20.0 3
1309 20.0 1312 21.0 3
1312 21.0 1315 22.0 3
1315 22.0 1318 23.0 3
1318 23.0 1321 24.0 3
1321 24.0 1324 25.0 3
1324 25.0 1327 26.0 3
1327 26.0 1330 27.0 3
1330 27.0 1334 28.0 4
1334 28.0 1338 29.0 4
1338 29.0 1341 30.0 3
1341 30.0 1342 29.0 1
1342 29.0 1343 28.0 1
1343 28.0 1345 27.0 2
1345 27.0 1348 26.0 3
1348 26.0 1350 25.0 2
1350 25.0 1352 24.0 2
1352 24.0 1354 23.0 2
1354 23.0 1356 22.0 2
1356 22.0 1358 21.0 2
1358 21.0 1361 20.0 3
1361 20.0 1363 19.0 2
1363 19.0 1366 18.0 3
1366 18.0 1369 17.0 3
1369 17.0 1371 16.0 2
1371 16.0 1375 15.0 4
1375 15.0 1378 14.0 3
1378 14.0 1381 13.0 3
1381 13.0 1385 12.0 4
1385 12.0 1389 11.0 4
1389 11.0 1395 10.0 6
1395 10.0 1396 11.0 1
1396 11.0 1398 12.0 2
1398 12.0 1400 13.0 2
1400 13.0 1403 14.0 3
1403 14.0 1406 15.0 3
1406 15.0 1408 16.0 2
1408 16.0 1411 17.0 3
1411 17.0 1414 18.0 3
1414 18.0 1418 19.0 4
1418 19.0 1422 20.0 4
1422 20.0 1426 21.0 4
1426 21.0 1428 22.0 2
1428 22.0 1431 23.0 3
1431 23.0 1435 24.0 4
1435 24.0 1438 25.0 3
1438 25.0 1441 26.0 3
1441 26.0 1445 27.0 4
1445 27.0 1448 28.0 3
1448 28.0 1452 29.0 4
1452 29.0 1455 30.0 3
1455 30.0 1456 29.0 1
1456 29.0 1458 28.0 2
1458 28.0 1460 27.0 2
1460 27.0 1463 26.0 3
1463 26.0 1465 25.0 2
1465 25.0 1468 24.0 3
1468 24.0 1471 23.0 3
1471 23.0 1474 22.0 3
1474 22.0 1477 21.0 3
1477 21.0 1480 20.0 3
1480 20.0 1485 19.0 5
1485 19.0 1489 18.0 4
1489 18.0 1493 17.0 4
1493 17.0 1498 16.0 5
1498 16.0 1503 15.0 5
1503 15.0 1510 14.0 7
1510 14.0 1520 13.0 10
1520 13.0 1530 12.0 10
1530 12.0 1536 11.0 6
1536 11.0 1544 10.0 8
1544 10.0 1545 11.0 1
1545 11.0 1547 12.0 2
1547 12.0 1550 13.0 3
1550 13.0 1552 14.0 2
1552 14.0 1555 15.0 3
1555 15.0 1558 16.0 3
1558 16.0 1561 17.0 3
1561 17.0 1565 18.0 4
1565 18.0 1569 19.0 4
1569 19.0 1572 20.0 3
1572 20.0 1577 21.0 5
1577 21.0 1581 22.0 4
1581 22.0 1585 23.0 4
1585 23.0 1590 24.0 5
1590 24.0 1595 25.0 5
1595 25.0 1601 26.0 6
1601 26.0 1604 27.0 3
1604 27.0 1608 28.0 4
1608 28.0 1612 29.0 4
1612 29.0 1615 30.0 3
1615 30.0 1616 29.0 1
1616 29.0 1618 28.0 2
1618 28.0 1621 27.0 3
1621 27.0 1623 26.0 2
1623 26.0 1626 25.0 3
1626 25.0 1629 24.0 3
1629 24.0 1632 23.0 3
1632 23.0 1635 22.0 3
1635 22.0 1638 21.0 3
1638 21.0 1642 20.0 4
1642 20.0 1646 19.0 4
1646 19.0 1650 18.0 4
1650 18.0 1654 17.0 4
1654 17.0 1658 16.0 4
1658 16.0 1662 15.0 4
1662 15.0 1665 14.0 3
1665 14.0 1670 13.0 5
1670 13.0 1675 12.0 5
1675 12.0 1683 11.0 8
1683 11.0 1688 10.0 5
1688 10.0 1689 11.0 1
1689 11.0 1692 12.0 3
1692 12.0 1696 13.0 4
1696 13.0 1699 14.0 3
1699 14.0 1702 15.0 3
1702 15.0 1704 16.0 2
1704 16.0 1707 17.0 3
1707 17.0 1710 18.0 3
1710 18.0 1713 19.0 3
1713 19.0 1716 20.0 3
1716 20.0 1719 21.0 3
1719 21.0 1722 22.0 3
1722 22.0 1724 23.0 2
1724 23.0 1727 24.0 3
1727 24.0 1730 25.0 3
1730 25.0 1733 26.0 3
1733 26.0 1735 27.0 2
1735 27.0 1738 28.0 3
1738 28.0 1741 29.0 3
1741 29.0 1744 30.0 3
1744 30.0 1745 29.0 1
1745 29.0 1747 28.0 2
1747 28.0 1750 27.0 3
1750 27.0 1753 26.0 3
1753 26.0 1756 25.0 3
1756 25.0 1759 24.0 3
1759 24.0 1762 23.0 3
1762 23.0 1766 22.0 4
1766 22.0 1769 21.0 3
1769 21.0 1773 20.0 4
1773 20.0 1778 19.0 5
1778 19.0 1783 18.0 5
1783 18.0 1788 17.0 5
1788 17.0 1792 16.0 4
1792 16.0 1798 15.0 6
1798 15.0 1804 14.0 6
1804 14.0 1812 13.0 8
1812 13.0 1821 12.0 9
1821 12.0 1835 11.0 14
1835 11.0 1857 10.0 22
1857 10.0 1858 11.0 1
1858 11.0 1860 12.0 2
1860 12.0 1862 13.0 2
1862 13.0 1865 14.0 3
1865 14.0 1868 15.0 3
1868 15.0 1871 16.0 3
1871 16.0 1875 17.0 4
1875 17.0 1880 18.0 5
1880 18.0 1884 19.0 4
1884 19.0 1888 20.0 4
1888 20.0 1891 21.0 3
1891 21.0 1894 22.0 3
1894 22.0 1897 23.0 3
1897 23.0 1901 24.0 4
1901 24.0 1904 25.0 3
1904 25.0 1907 26.0 3
1907 26.0 1910 27.0 3
1910 27.0 1914 28.0 4
1914 28.0 1917 29.0 3
1917 29.0 1921 30.0 4
1921 30.0 1922 29.0 1
1922 29.0 1925 28.0 3
1925 28.0 1927 27.0 2
1927 27.0 1930 26.0 3
1930 26.0 1933 25.0 3
1933 25.0 1936 24.0 3
1936 24.0 1939 23.0 3
1939 23.0 1943 22.0 4
1943 22.0 1946 21.0 3
1946 21.0 1949 20.0 3
1949 20.0 1952 19.0 3
1952 19.0 1956 18.0 4
1956 18.0 1960 17.0 4
1960 17.0 1964 16.0 4
1964 16.0 1968 15.0 4
1968 15.0 1972 14.0 4
1972 14.0 1975 13.0 3
1975 13.0 1979 12.0 4
1979 12.0 1983 11.0 4
1983 11.0 1988 10.0 5
1988 10.0 1989 11.0 1
1989 11.0 1993 12.0 4
1993 12.0 1996 13.0 3
1996 13.0 2000 14.0 4
2000 14.0 2004 15.0 4
2004 15.0 2008 16.0 4
2008 16.0 2012 17.0 4
2012 17.0 2016 18.0 4
2016 18.0 2021 19.0 5
2021 19.0 2025 20.0 4
2025 20.0 2030 21.0 5
2030 21.0 2035 22.0 5
1000 0.0 1002 1.0 2
1002 1.0 1004 2.0 2
1004 2.0 1006 3.0 2
1006 3.0 1008 4.0 2
1008 4.0 1010 5.0 2
1010 5.0 1012 6.0 2
1012 6.0 1015 7.0 3
1015 7.0 1018 8.0 3
1018 8.0 1021 9.0 3
1021 9.0 1024 10.0 3
1024 10.0 1028 11.0 4
1028 11.0 1031 12.0 3
1031 12.0 1035 13.0 4
1035 13.0 1038 14.0 3
1038 14.0 1041 15.0 3
1041 15.0 1044 16.0 3
1044 16.0 1046 17.0 2
1046 17.0 1049 18.0 3
1049 18.0 1052 19.0 3
1052 19.0 1055 20.0 3
1055 20.0 1058 21.0 3
1058 21.0 1061 22.0 3
1061 22.0 1064 23.0 3
1064 23.0 1066 24.0 2
1066 24.0 1069 25.0 3
1069 25.0 1072 26.0 3
1072 26.0 1075 27.0 3
1075 27.0 1078 28.0 3
1078 28.0 1080 29.0 2
1080 29.0 1083 30.0 3
1083 30.0 1084 29.0 1
1084 29.0 1086 28.0 2
1086 28.0 1088 27.0 2
1088 27.0 1091 26.0 3
1091 26.0 1093 25.0 2
1093 25.0 1095 24.0 2
1095 24.0 1097 23.0 2
1097 23.0 1099 22.0 2
1099 22.0 1102 21.0 3
1102 21.0 1104 20.0 2
1104 20.0 1107 19.0 3
1107 19.0 1109 18.0 2
1109 18.0 1112 17.0 3
1112 17.0 1115 16.0 3
1115 16.0 1118 15.0 3
1118 15.0 1121 14.0 3
1121 14.0 1125 13.0 4
1125 13.0 1129 12.0 4
1129 12.0 1133 11.0 4
1133 11.0 1137 10.0 4
1137 10.0 1138 11.0 1
1138 11.0 1141 12.0 3
1141 12.0 1145 13.0 4
1145 13.0 1149 14.0 4
1149 14.0 1152 15.0 3
1152 15.0 1155 16.0 3
1155 16.0 1159 17.0 4
1159 17.0 1162 18.0 3
1162 18.0 1166 19.0 4
1166 19.0 1171 20.0 5
1171 20.0 1174 21.0 3
1174 21.0 1179 22.0 5
1179 22.0 1183 23.0 4
1183 23.0 1187 24.0 4
1187 24.0 1190 25.0 3
1190 25.0 1194 26.0 4
1194 26.0 1197 27.0 3
1197 27.0 1201 28.0 4
1201 28.0 1205 29.0 4
1205 29.0 1208 30.0 3
1208 30.0 1209 29.0 1
1209 29.0 1212 28.0 3
1212 28.0 1214 27.0 2
1214 27.0 1216 26.0 2
1216 26.0 1219 25.0 3
1219 25.0 1221 24.0 2
1221 24.0 1224 23.0 3
1224 23.0 1227 22.0 3
1227 22.0 1229 21.0 2
1229 21.0 1232 20.0 3
1232 20.0 1235 19.0 3
1235 19.0 1240 18.0 5
1240 18.0 1245 17.0 5
1245 17.0 1249 16.0 4
1249 16.0 1255 15.0 6
1255 15.0 1261 14.0 6
1261 14.0 1270 13.0 9
1270 13.0 1283 12.0 13
1283 12.0 1295 11.0 12
1295 11.0 1303 10.0 8
1303 10.0 1304 11.0 1
1304 11.0 1308 12.0 4
1308 12.0 1311 13.0 3
1311 13.0 1314 14.0 3
1314 14.0 1317 15.0 3
1317 15.0 1321 16.0 4
1321 16.0 1324 17.0 3
1324 17.0 1327 18.0 3
1327 18.0 1332 19.0 5
1332 19.0 1336 20.0 4
1336 20.0 1341 21.0 5
1341 21.0 1346 22.0 5
1346 22.0 1350 23.0 4
1350 23.0 1354 24.0 4
1354 24.0 1358 25.0 4
1358 25.0 1361 26.0 3
1361 26.0 1363 27.0 2
1363 27.0 1366 28.0 3
1366 28.0 1369 29.0 3
1369 29.0 1372 30.0 3
1372 30.0 1373 29.0 1
1373 29.0 1375 28.0 2
1375 28.0 1377 27.0 2
1377 27.0 1379 26.0 2
1379 26.0 1382 25.0 3
1382 25.0 1385 24.0 3
1385 24.0 1388 23.0 3
1388 23.0 1391 22.0 3
1391 22.0 1394 21.0 3
1394 21.0 1397 20.0 3
1397 20.0 1400 19.0 3
1400 19.0 1403 18.0 3
1403 18.0 1406 17.0 3
1406 17.0 1410 16.0 4
1410 16.0 1413 15.0 3
1413 15.0 1417 14.0 4
1417 14.0 1421 13.0 4
1421 13.0 1425 12.0 4
1425 12.0 1429 11.0 4
1429 11.0 1433 10.0 4
1433 10.0 1434 11.0 1
1434 11.0 1437 12.0 3
1437 12.0 1440 13.0 3
1440 13.0 1442 14.0 2
1442 14.0 1445 15.0 3
1445 15.0 1448 16.0 3
1448 16.0 1450 17.0 2
1450 17.0 1453 18.0 3
1453 18.0 1455 19.0 2
1455 19.0 1458 20.0 3
1458 20.0 1460 21.0 2
1460 21.0 1463 22.0 3
1463 22.0 1466 23.0 3
1466 23.0 1469 24.0 3
1469 24.0 1471 25.0 2
1471 25.0 1474 26.0 3
1474 26.0 1477 27.0 3
1477 27.0 1480 28.0 3
1480 28.0 1483 29.0 3
1483 29.0 1486 30.0 3
1486 30.0 1487 29.0 1
1487 29.0 1489 28.0 2
1489 28.0 1492 27.0 3
1492 27.0 1494 26.0 2
1494 26.0 1497 25.0 3
1497 25.0 1501 24.0 4
1501 24.0 1503 23.0 2
1503 23.0 1506 22.0 3
1506 22.0 1510 21.0 4
1510 21.0 1514 20.0 4
1514 20.0 1519 19.0 5
1519 19.0 1523 18.0 4
1523 18.0 1527 17.0 4
1527 17.0 1531 16.0 4
1531 16.0 1534 15.0 3
1534 15.0 1537 14.0 3
1537 14.0 1541 13.0 4
1541 13.0 1544 12.0 3
1544 12.0 1549 11.0 5
1549 11.0 1553 10.0 4
1553 10.0 1554 11.0 1
1554 11.0 1557 12.0 3
1557 12.0 1561 13.0 4
1561 13.0 1565 14.0 4
1565 14.0 1569 15.0 4
1569 15.0 1573 16.0 4
1573 16.0 1577 17.0 4
1577 17.0 1581 18.0 4
1581 18.0 1584 19.0 3
1584 19.0 1588 20.0 4
1588 20.0 1592 21.0 4
1592 21.0 1595 22.0 3
1595 22.0 1598 23.0 3
1598 23.0 1600 24.0 2
1600 24.0 1603 25.0 3
1603 25.0 1607 26.0 4
1607 26.0 1611 27.0 4
1611 27.0 1614 28.0 3
1614 28.0 1618 29.0 4
1618 29.0 1622 30.0 4
1622 30.0 1623 29.0 1
1623 29.0 1625 28.0 2
1625 28.0 1627 27.0 2
1627 27.0 1629 26.0 2
1629 26.0 1631 25.0 2
1631 25.0 1633 24.0 2
1633 24.0 1635 23.0 2
1635 23.0 1637 22.0 2
1637 22.0 1640 21.0 3
1640 21.0 1643 20.0 3
1643 20.0 1646 19.0 3
1646 19.0 1649 18.0 3
1649 18.0 1652 17.0 3
1652 17.0 1655 16.0 3
1655 16.0 1659 15.0 4
1659 15.0 1663 14.0 4
1663 14.0 1666 13.0 3
1666 13.0 1670 12.0 4
1670 12.0 1674 11.0 4
1674 11.0 1679 10.0 5
1679 10.0 1680 11.0 1
1680 11.0 1684 12.0 4
1000 0.0 1002 1.0 2
1002 1.0 1004 2.0 2
1004 2.0 1006 3.0 2
1006 3.0 1009 4.0 3
1009 4.0 1011 5.0 2
1011 5.0 1013 6.0 2
1013 6.0 1015 7.0 2
1015 7.0 1017 8.0 2
1017 8.0 1019 9.0 2
1019 9.0 1021 10.0 2
1021 10.0 1023 11.0 2
1023 11.0 1025 12.0 2
1025 12.0 1028 13.0 3
1028 13.0 1030 14.0 2
1030 14.0 1032 15.0 2
1032 15.0 1034 16.0 2
1034 16.0 1037 17.0 3
1037 17.0 1039 18.0 2
1039 18.0 1042 19.0 3
1042 19.0 1044 20.0 2
1044 20.0 1047 21.0 3
1047 21.0 1049 22.0 2
1049 22.0 1052 23.0 3
1052 23.0 1054 24.0 2
1054 24.0 1057 25.0 3
1057 25.0 1060 26.0 3
1060 26.0 1063 27.0 3
1063 27.0 1066 28.0 3
1066 28.0 1069 29.0 3
1069 29.0 1072 30.0 3
1072 30.0 1073 29.0 1
1073 29.0 1075 28.0 2
1075 28.0 1078 27.0 3
1078 27.0 1081 26.0 3
1081 26.0 1084 25.0 3
1084 25.0 1087 24.0 3
1087 24.0 1090 23.0 3
1090 23.0 1093 22.0 3
1093 22.0 1097 21.0 4
1097 21.0 1101 20.0 4
1101 20.0 1106 19.0 5
1106 19.0 1110 18.0 4
1110 18.0 1113 17.0 3
1113 17.0 1117 16.0 4
1117 16.0 1120 15.0 3
1120 15.0 1124 14.0 4
1124 14.0 1130 13.0 6
1130 13.0 1139 12.0 9
1139 12.0 1156 11.0 17
1156 11.0 1181 10.0 25
1181 10.0 1182 11.0 1
1182 11.0 1184 12.0 2
1184 12.0 1186 13.0 2
1186 13.0 1188 14.0 2
1188 14.0 1190 15.0 2
1190 15.0 1193 16.0 3
1193 16.0 1195 17.0 2
1195 17.0 1198 18.0 3
1198 18.0 1200 19.0 2
1200 19.0 1203 20.0 3
1203 20.0 1206 21.0 3
1206 21.0 1209 22.0 3
1209 22.0 1214 23.0 5
1214 23.0 1218 24.0 4
1218 24.0 1221 25.0 3
1221 25.0 1225 26.0 4
1225 26.0 1228 27.0 3
1228 27.0 1231 28.0 3
1231 28.0 1235 29.0 4
1235 29.0 1238 30.0 3
1238 30.0 1239 29.0 1
1239 29.0 1241 28.0 2
1241 28.0 1243 27.0 2
1243 27.0 1246 26.0 3
1246 26.0 1248 25.0 2
1248 25.0 1251 24.0 3
1251 24.0 1254 23.0 3
1254 23.0 1257 22.0 3
1257 22.0 1259 21.0 2
1259 21.0 1262 20.0 3
1262 20.0 1266 19.0 4
1266 19.0 1269 18.0 3
1269 18.0 1273 17.0 4
1273 17.0 1278 16.0 5
1278 16.0 1282 15.0 4
1282 15.0 1287 14.0 5
1287 14.0 1294 13.0 7
1294 13.0 1301 12.0 7
1301 12.0 1309 11.0 8
1309 11.0 1319 10.0 10
1319 10.0 1320 11.0 1
1320 11.0 1322 12.0 2
1322 12.0 1325 13.0 3
1325 13.0 1327 14.0 2
1327 14.0 1329 15.0 2
1329 15.0 1332 16.0 3
1332 16.0 1334 17.0 2
1334 17.0 1336 18.0 2
1336 18.0 1339 19.0 3
1339 19.0 1341 20.0 2
1341 20.0 1344 21.0 3
1344 21.0 1346 22.0 2
1346 22.0 1349 23.0 3
1349 23.0 1352 24.0 3
1352 24.0 1354 25.0 2
1354 25.0 1357 26.0 3
1357 26.0 1360 27.0 3
1360 27.0 1363 28.0 3
1363 28.0 1366 29.0 3
1366 29.0 1368 30.0 2
1368 30.0 1369 29.0 1
1369 29.0 1371 28.0 2
1371 28.0 1374 27.0 3
1374 27.0 1376 26.0 2
1376 26.0 1379 25.0 3
1379 25.0 1382 24.0 3
1382 24.0 1385 23.0 3
1385 23.0 1388 22.0 3
1388 22.0 1391 21.0 3
1391 21.0 1395 20.0 4
1395 20.0 1399 19.0 4
1399 19.0 1404 18.0 5
1404 18.0 1409 17.0 5
1409 17.0 1414 16.0 5
1414 16.0 1421 15.0 7
1421 15.0 1428 14.0 7
1428 14.0 1435 13.0 7
1435 13.0 1440 12.0 5
1440 12.0 1444 11.0 4
1444 11.0 1450 10.0 6
1450 10.0 1451 11.0 1
1451 11.0 1454 12.0 3
1454 12.0 1458 13.0 4
1458 13.0 1462 14.0 4
1462 14.0 1465 15.0 3
1465 15.0 1469 16.0 4
1469 16.0 1474 17.0 5
1474 17.0 1478 18.0 4
1478 18.0 1482 19.0 4
1482 19.0 1487 20.0 5
1487 20.0 1491 21.0 4
1491 21.0 1496 22.0 5
1496 22.0 1501 23.0 5
1501 23.0 1506 24.0 5
1506 24.0 1510 25.0 4
1510 25.0 1513 26.0 3
1513 26.0 1516 27.0 3
1516 27.0 1521 28.0 5
1521 28.0 1527 29.0 6
1527 29.0 1533 30.0 6
1533 30.0 1534 29.0 1
1534 29.0 1535 28.0 1
1535 28.0 1537 27.0 2
1537 27.0 1539 26.0 2
1539 26.0 1541 25.0 2
1541 25.0 1543 24.0 2
1543 24.0 1545 23.0 2
1545 23.0 1547 22.0 2
1547 22.0 1549 21.0 2
1549 21.0 1552 20.0 3
1552 20.0 1554 19.0 2
1554 19.0 1557 18.0 3
1557 18.0 1559 17.0 2
1559 17.0 1562 16.0 3
1562 16.0 1565 15.0 3
1565 15.0 1569 14.0 4
1569 14.0 1572 13.0 3
1572 13.0 1576 12.0 4
1576 12.0 1580 11.0 4
1580 11.0 1588 10.0 8
1588 10.0 1589 11.0 1
1589 11.0 1591 12.0 2
1591 12.0 1593 13.0 2
1593 13.0 1596 14.0 3
1596 14.0 1598 15.0 2
1598 15.0 1601 16.0 3
1601 16.0 1603 17.0 2
1603 17.0 1606 18.0 3
1606 18.0 1608 19.0 2
1608 19.0 1611 20.0 3
1611 20.0 1614 21.0 3
1614 21.0 1617 22.0 3
1617 22.0 1620 23.0 3
1620 23.0 1623 24.0 3
1623 24.0 1625 25.0 2
1625 25.0 1628 26.0 3
1628 26.0 1631 27.0 3
1631 27.0 1634 28.0 3
1634 28.0 1637 29.0 3
1637 29.0 1639 30.0 2
1639 30.0 1640 29.0 1
1640 29.0 1642 28.0 2
1642 28.0 1645 27.0 3
1645 27.0 1647 26.0 2
1647 26.0 1650 25.0 3
1650 25.0 1653 24.0 3
1653 24.0 1656 23.0 3
1656 23.0 1659 22.0 3
1659 22.0 1662 21.0 3
1662 21.0 1666 20.0 4
1666 20.0 1671 19.0 5
1671 19.0 1675 18.0 4
1675 18.0 1679 17.0 4
1679 17.0 1684 16.0 5
1684 16.0 1689 15.0 5
1689 15.0 1695 14.0 6
1695 14.0 1705 13.0 10
1705 13.0 1714 12.0 9
1714 12.0 1723 11.0 9
1723 11.0 1740 10.0 17
1740 10.0 1741 11.0 1
1741 11.0 1743 12.0 2
1743 12.0 1745 13.0 2
1745 13.0 1747 14.0 2
1747 14.0 1749 15.0 2
1749 15.0 1752 16.0 3
1752 16.0 1754 17.0 2
1754 17.0 1756 18.0 2
1756 18.0 1759 19.0 3
1759 19.0 1761 20.0 2
1761 20.0 1764 21.0 3
1764 21.0 1766 22.0 2
1766 22.0 1769 23.0 3
1769 23.0 1772 24.0 3
1772 24.0 1774 25.0 2
1774 25.0 1777 26.0 3
1777 26.0 1780 27.0 3
1780 27.0 1783 28.0 3
1783 28.0 1786 29.0 3
1786 29.0 1789 30.0 3
1789 30.0 1790 29.0 1
1790 29.0 1792 28.0 2
1792 28.0 1795 27.0 3
1795 27.0 1797 26.0 2
1797 26.0 1800 25.0 3
1800 25.0 1803 24.0 3
1803 24.0 1807 23.0 4
1807 23.0 1810 22.0 3
1810 22.0 1814 21.0 4
1814 21.0 1818 20.0 4
1818 20.0 1823 19.0 5
1823 19.0 1828 18.0 5
1828 18.0 1833 17.0 5
1833 17.0 1838 16.0 5
1838 16.0 1844 15.0 6
1844 15.0 1851 14.0 7
1851 14.0 1858 13.0 7
1858 13.0 1864 12.0 6
1864 12.0 1870 11.0 6
1870 11.0 1877 10.0 7
1877 10.0 1878 11.0 1
1878 11.0 1881 12.0 3
1881 12.0 1884 13.0 3
1884 13.0 1887 14.0 3
1887 14.0 1890 15.0 3
1890 15.0 1894 16.0 4
1894 16.0 1898 17.0 4
1898 17.0 1902 18.0 4
1902 18.0 1907 19.0 5
1907 19.0 1911 20.0 4
1911 20.0 1916 21.0 5
1916 21.0 1920 22.0 4
1920 22.0 1925 23.0 5
1925 23.0 1930 24.0 5
1930 24.0 1936 25.0 6
1936 25.0 1941 26.0 5
1941 26.0 1946 27.0 5
1946 27.0 1951 28.0 5
1951 28.0 1954 29.0 3
1954 29.0 1957 30.0 3
1957 30.0 1958 29.0 1
1958 29.0 1960 28.0 2
1960 28.0 1962 27.0 2
1962 27.0 1964 26.0 2
1964 26.0 1967 25.0 3
1967 25.0 1969 24.0 2
1969 24.0 1971 23.0 2
1971 23.0 1974 22.0 3
1974 22.0 1976 21.0 2
1976 21.0 1978 20.0 2
1978 20.0 1981 19.0 3
1981 19.0 1983 18.0 2
1983 18.0 1986 17.0 3
1986 17.0 1989 16.0 3
1989 16.0 1992 15.0 3
1992 15.0 1995 14.0 3
1995 14.0 1999 13.0 4
1999 13.0 2003 12.0 4
2003 12.0 2007 11.0 4
2007 11.0 2011 10.0 4
2011 10.0 2012 11.0 1
2012 11.0 2015 12.0 3
2015 12.0 2018 13.0 3
2018 13.0 2021 14.0 3
2021 14.0 2024 15.0 3
2024 15.0 2026 16.0 2
2026 16.0 2029 17.0 3
2029 17.0 2031 18.0 2
2031 18.0 2033 19.0 2
2033 19.0 2036 20.0 3
2036 20.0 2038 21.0 2
2038 21.0 2041 22.0 3
2041 22.0 2044 23.0 3
2044 23.0 2046 24.0 2
2046 24.0 2049 25.0 3
2049 25.0 2052 26.0 3
2052 26.0 2054 27.0 2
2054 27.0 2057 28.0 3
2057 28.0 2060 29.0 3
2060 29.0 2063 30.0 3
2063 30.0 2064 29.0 1
2064 29.0 2066 28.0 2
2066 28.0 2069 27.0 3
2069 27.0 2072 26.0 3
2072 26.0 2075 25.0 3
