1000 0.0 1002 1.0 2
1002 1.0 1005 2.0 3
1005 2.0 1007 3.0 2
1007 3.0 1010 4.0 3
1010 4.0 1012 5.0 2
1012 5.0 1014 6.0 2
1014 6.0 1017 7.0 3
1017 7.0 1020 8.0 3
1020 8.0 1022 9.0 2
1022 9.0 1025 10.0 3
1025 10.0 1027 11.0 2
1027 11.0 1030 12.0 3
1030 12.0 1032 13.0 2
1032 13.0 1035 14.0 3
1035 14.0 1038 15.0 3
1038 15.0 1040 16.0 2
1040 16.0 1043 17.0 3
1043 17.0 1046 18.0 3
1046 18.0 1049 19.0 3
1049 19.0 1052 20.0 3
1052 20.0 1055 21.0 3
1055 21.0 1058 22.0 3
1058 22.0 1062 23.0 4
1062 23.0 1067 24.0 5
1067 24.0 1071 25.0 4
1071 25.0 1074 26.0 3
1074 26.0 1077 27.0 3
1077 27.0 1080 28.0 3
1080 28.0 1084 29.0 4
1084 29.0 1088 30.0 4
1088 30.0 1089 29.0 1
1089 29.0 1091 28.0 2
1091 28.0 1093 27.0 2
1093 27.0 1095 26.0 2
1095 26.0 1098 25.0 3
1098 25.0 1101 24.0 3
1101 24.0 1105 23.0 4
1105 23.0 1108 22.0 3
1108 22.0 1112 21.0 4
1112 21.0 1115 20.0 3
1115 20.0 1118 19.0 3
1118 19.0 1121 18.0 3
1121 18.0 1124 17.0 3
1124 17.0 1127 16.0 3
1127 16.0 1130 15.0 3
1130 15.0 1133 14.0 3
1133 14.0 1137 13.0 4
1137 13.0 1141 12.0 4
1141 12.0 1145 11.0 4
1145 11.0 1149 10.0 4
1149 10.0 1150 11.0 1
1150 11.0 1153 12.0 3
1153 12.0 1156 13.0 3
1156 13.0 1159 14.0 3
1159 14.0 1161 15.0 2
1161 15.0 1164 16.0 3
1164 16.0 1166 17.0 2
1166 17.0 1169 18.0 3
1169 18.0 1171 19.0 2
1171 19.0 1173 20.0 2
1173 20.0 1176 21.0 3
1176 21.0 1178 22.0 2
1178 22.0 1181 23.0 3
1181 23.0 1184 24.0 3
1184 24.0 1186 25.0 2
1186 25.0 1189 26.0 3
1189 26.0 1192 27.0 3
1192 27.0 1195 28.0 3
1195 28.0 1198 29.0 3
1198 29.0 1202 30.0 4
1202 30.0 1203 29.0 1
1203 29.0 1205 28.0 2
1205 28.0 1207 27.0 2
1207 27.0 1209 26.0 2
1209 26.0 1212 25.0 3
1212 25.0 1215 24.0 3
1215 24.0 1217 23.0 2
1217 23.0 1220 22.0 3
1220 22.0 1222 21.0 2
1222 21.0 1225 20.0 3
1225 20.0 1228 19.0 3
1228 19.0 1230 18.0 2
1230 18.0 1233 17.0 3
1233 17.0 1236 16.0 3
1236 16.0 1239 15.0 3
1239 15.0 1242 14.0 3
